[全合成素材]
04000000 0123DB50 00000063
04000000 0123E060 00000063
04000000 0123E02C 00000063
04000000 0123E0A0 00000063
04000000 0123DFFC 00000063
04000000 0123DAB0 00000063
04000000 0123E0CC 00000063
04000000 0123DA70 00000063
04000000 0123D850 00000063
04000000 0123E0E0 00000063
04000000 0123E008 00000063
04000000 0123E00C 00000063
04000000 0123E608 00000063
04000000 0123DB80 00000063
04000000 0123E85C 00000063
04000000 0123DFF4 00000063
04000000 0123E03C 00000063
04000000 0123E858 00000063
04000000 0123DA6C 00000063
04000000 0123E0B0 00000063
04000000 0123DA88 00000063
04000000 0123DB60 00000063
04000000 0123D798 00000063
04000000 0123E01C 00000063
04000000 0123DAA0 00000063
04000000 0123DB6C 00000063
04000000 0123DB70 00000063
04000000 0123E030 00000063
04000000 0123DB5C 00000063
04000000 0123DA80 00000063
04000000 0123DFDC 00000063
04000000 0123E034 00000063
04000000 0123DF7C 00000063
04000000 0123DF78 00000063
04000000 0123ED04 00000063
04000000 0123DA94 00000063
04000000 0123DFB4 00000063
04000000 0123E5DC 00000063
04000000 0123E084 00000063
04000000 0123E5C8 00000063
04000000 0123E014 00000063
04000000 0123DAA4 00000063
04000000 0123DA7C 00000063
04000000 0123E0B4 00000063
04000000 0123E068 00000063
04000000 0123E610 00000063
04000000 0123DFD0 00000063
04000000 0123DB84 00000063
04000000 0123D7AC 00000063
04000000 0123DFE4 00000063
04000000 0123E064 00000063
04000000 0123E0BC 00000063
04000000 0123E0A4 00000063
04000000 0123DFD8 00000063
04000000 0123DF8C 00000063
04000000 0123E054 00000063
04000000 0123E04C 00000063
04000000 0123DA68 00000063
04000000 0123E028 00000063
04000000 0123DB68 00000063
04000000 0123DFE8 00000063
04000000 0123DFBC 00000063
04000000 0123E5C0 00000063
04000000 0123E60C 00000063
04000000 0123E06C 00000063
04000000 0123E020 00000063
04000000 0123E024 00000063
04000000 0123DAB8 00000063
04000000 0123DAAC 00000063
04000000 0123DB74 00000063
04000000 0123E070 00000063
04000000 0123D7F4 00000063
04000000 0123DFE0 00000063
04000000 0123E5F8 00000063
04000000 0123E5D8 00000063
04000000 0123DA84 00000063
04000000 0123E094 00000063
04000000 0123E040 00000063
04000000 0123DF90 00000063
04000000 0123E090 00000063
04000000 0123DE5C 00000063
04000000 0123E0B8 00000063
04000000 0123DAC0 00000063
04000000 0123E07C 00000063
04000000 0123E5F4 00000063
04000000 0123DFF0 00000063
04000000 0123E074 00000063
04000000 0123D804 00000063
04000000 0123D800 00000063
04000000 0123E088 00000063
04000000 0123DF80 00000063
04000000 0123DF84 00000063
04000000 0123E09C 00000063
04000000 0123DABC 00000063
04000000 0123DFB8 00000063
04000000 0123E0C0 00000063
04000000 0123E0D0 00000063
04000000 0123E0D4 00000063
04000000 0123DFAC 00000063
04000000 0123DFF8 00000063
04000000 0123E004 00000063
04000000 0123E5FC 00000063
04000000 0123D85C 00000063
04000000 0123E050 00000063
04000000 0123E048 00000063
04000000 0123DF98 00000063
04000000 0123D82C 00000063
04000000 0123DFCC 00000063
04000000 0123DFC0 00000063
04000000 0123E5B8 00000063
04000000 0123DFC4 00000063
04000000 0123DFD4 00000063
04000000 0123DB7C 00000063
04000000 0123E0DC 00000063
04000000 0123E0D8 00000063
04000000 0123DFEC 00000063
04000000 0123E5F0 00000063
04000000 0123DF94 00000063
04000000 0123E078 00000063
04000000 0123DFA8 00000063
04000000 0123DFA0 00000063
04000000 0123DFB0 00000063
04000000 0123E0C8 00000063
04000000 0123DFC8 00000063
04000000 0123E044 00000063
04000000 0123E038 00000063
04000000 0123DA90 00000063
04000000 0123DF88 00000063
04000000 0123DAA8 00000063
04000000 0123D820 00000063
04000000 0123DA78 00000063
04000000 0123E080 00000063
04000000 0123DE64 00000063
04000000 0123DF9C 00000063
04000000 0123D7A0 00000063
04000000 0123E08C 00000063
04000000 0123E058 00000063
04000000 0123DE58 00000063
04000000 0123E5B4 00000063
04000000 0123DB54 00000063
04000000 0123E0E8 00000063
04000000 0123E0E4 00000063
04000000 0123E018 00000063
04000000 0123E000 00000063
04000000 0123E098 00000063
04000000 0123E010 00000063
04000000 0123E0AC 00000063
04000000 0123E05C 00000063
04000000 0123E0A8 00000063
04000000 0123E0C4 00000063
04000000 0123DFA4 00000063
04000000 0123EC10 00000063
04000000 0123EC14 00000063
04000000 0123EC18 00000063
04000000 0123EC1C 00000063
04000000 0123EC50 00000063
04000000 0123EC54 00000063
