[全合成素材]
04000000 01246B90 00000063
04000000 012470A0 00000063
04000000 0124706C 00000063
04000000 012470E0 00000063
04000000 0124703C 00000063
04000000 01246AF0 00000063
04000000 0124710C 00000063
04000000 01246AB0 00000063
04000000 01246890 00000063
04000000 01247120 00000063
04000000 01247048 00000063
04000000 0124704C 00000063
04000000 01247648 00000063
04000000 01246BC0 00000063
04000000 0124789C 00000063
04000000 01247034 00000063
04000000 0124707C 00000063
04000000 01247898 00000063
04000000 01246AAC 00000063
04000000 012470F0 00000063
04000000 01246AC8 00000063
04000000 01246BA0 00000063
04000000 012467D8 00000063
04000000 0124705C 00000063
04000000 01246AE0 00000063
04000000 01246BAC 00000063
04000000 01246BB0 00000063
04000000 01247070 00000063
04000000 01246B9C 00000063
04000000 01246AC0 00000063
04000000 0124701C 00000063
04000000 01247074 00000063
04000000 01246FBC 00000063
04000000 01246FB8 00000063
04000000 01247D44 00000063
04000000 01246AD4 00000063
04000000 01246FF4 00000063
04000000 0124761C 00000063
04000000 012470C4 00000063
04000000 01247608 00000063
04000000 01247054 00000063
04000000 01246AE4 00000063
04000000 01246ABC 00000063
04000000 012470F4 00000063
04000000 012470A8 00000063
04000000 01247650 00000063
04000000 01247010 00000063
04000000 01246BC4 00000063
04000000 012467EC 00000063
04000000 01247024 00000063
04000000 012470A4 00000063
04000000 012470FC 00000063
04000000 012470E4 00000063
04000000 01247018 00000063
04000000 01246FCC 00000063
04000000 01247094 00000063
04000000 0124708C 00000063
04000000 01246AA8 00000063
04000000 01247068 00000063
04000000 01246BA8 00000063
04000000 01247028 00000063
04000000 01246FFC 00000063
04000000 01247600 00000063
04000000 0124764C 00000063
04000000 012470AC 00000063
04000000 01247060 00000063
04000000 01247064 00000063
04000000 01246AF8 00000063
04000000 01246AEC 00000063
04000000 01246BB4 00000063
04000000 012470B0 00000063
04000000 01246834 00000063
04000000 01247020 00000063
04000000 01247638 00000063
04000000 01247618 00000063
04000000 01246AC4 00000063
04000000 012470D4 00000063
04000000 01247080 00000063
04000000 01246FD0 00000063
04000000 012470D0 00000063
04000000 01246E9C 00000063
04000000 012470F8 00000063
04000000 01246B00 00000063
04000000 012470BC 00000063
04000000 01247634 00000063
04000000 01247030 00000063
04000000 012470B4 00000063
04000000 01246844 00000063
04000000 01246840 00000063
04000000 012470C8 00000063
04000000 01246FC0 00000063
04000000 01246FC4 00000063
04000000 012470DC 00000063
04000000 01246AFC 00000063
04000000 01246FF8 00000063
04000000 01247100 00000063
04000000 01247110 00000063
04000000 01247114 00000063
04000000 01246FEC 00000063
04000000 01247038 00000063
04000000 01247044 00000063
04000000 0124763C 00000063
04000000 0124689C 00000063
04000000 01247090 00000063
04000000 01247088 00000063
04000000 01246FD8 00000063
04000000 0124686C 00000063
04000000 0124700C 00000063
04000000 01247000 00000063
04000000 012475F8 00000063
04000000 01247004 00000063
04000000 01247014 00000063
04000000 01246BBC 00000063
04000000 0124711C 00000063
04000000 01247118 00000063
04000000 0124702C 00000063
04000000 01247630 00000063
04000000 01246FD4 00000063
04000000 012470B8 00000063
04000000 01246FE8 00000063
04000000 01246FE0 00000063
04000000 01246FF0 00000063
04000000 01247108 00000063
04000000 01247008 00000063
04000000 01247084 00000063
04000000 01247078 00000063
04000000 01246AD0 00000063
04000000 01246FC8 00000063
04000000 01246AE8 00000063
04000000 01246860 00000063
04000000 01246AB8 00000063
04000000 012470C0 00000063
04000000 01246EA4 00000063
04000000 01246FDC 00000063
04000000 012467E0 00000063
04000000 012470CC 00000063
04000000 01247098 00000063
04000000 01246E98 00000063
04000000 012475F4 00000063
04000000 01246B94 00000063
04000000 01247128 00000063
04000000 01247124 00000063
04000000 01247058 00000063
04000000 01247040 00000063
04000000 012470D8 00000063
04000000 01247050 00000063
04000000 012470EC 00000063
04000000 0124709C 00000063
04000000 012470E8 00000063
04000000 01247104 00000063
04000000 01246FE4 00000063
04000000 01247C50 00000063
04000000 01247C54 00000063
04000000 01247C58 00000063
04000000 01247C5C 00000063
04000000 01247C90 00000063
04000000 01247C94 00000063
