[Crystal Max]
58000000 0183E530
78000000 00034E5E
64000000 00000000 0000270F
58000000 0183E530
78000000 00034E60
64000000 00000000 0000270F
58000000 0183E530
78000000 00034E62
64000000 00000000 0000270F
58000000 0183E530
78000000 00034E64
64000000 00000000 0000270F
58000000 0183E530
78000000 00034E66
64000000 00000000 0000270F
58000000 0183E530
78000000 00034E68
64000000 00000000 0000270F
58000000 0183E530
78000000 00034E6A
64000000 00000000 0000270F
58000000 0183E530
78000000 00034E6C
64000000 00000000 0000270F
58000000 0183E530
78000000 00034E6E
64000000 00000000 0000270F
58000000 0183E530
78000000 00034E70
64000000 00000000 0000270F
58000000 0183E530
78000000 00034E72
64000000 00000000 0000270F
58000000 0183E530
78000000 00034E74
64000000 00000000 0000270F
