[全貴重品(慎用)]
04000000 0123D888 00000001
04000000 0123D88C 00000001
04000000 0123D890 00000001
04000000 0123D894 00000001
04000000 0123D898 00000001
04000000 0123D89C 00000001
04000000 0123D8A0 00000001
04000000 0123D8A4 00000001
04000000 0123D8AC 00000001
04000000 0123D8B4 00000001
04000000 0123D8B8 00000001
04000000 0123D8D0 00000001
04000000 0123D8D4 00000001
04000000 0123D8DC 00000001
04000000 0123D8E0 00000001
04000000 0123D8E4 00000001
04000000 0123D90C 00000001
04000000 0123D910 00000001
04000000 0123D914 00000001
04000000 0123D91C 00000001
04000000 0123D924 00000001
04000000 0123D928 00000001
04000000 0123D948 00000001
04000000 0123D94C 00000001
04000000 0123D950 00000001
04000000 0123D958 00000001
04000000 0123D95C 00000001
04000000 0123D960 00000001
04000000 0123D964 00000001
04000000 0123D968 00000001
04000000 0123D96C 00000001
04000000 0123D970 00000001
04000000 0123D974 00000001
04000000 0123D978 00000001
04000000 0123D97C 00000001
04000000 0123D980 00000001
04000000 0123D988 00000001
04000000 0123D9BC 00000001
04000000 0123D9C0 00000001
04000000 0123D9DC 00000001
04000000 0123DE38 00000001
04000000 0123DE3C 00000001
04000000 0123DE44 00000001
04000000 0123DE48 00000001
04000000 0123DE4C 00000001
04000000 0123DE50 00000001
04000000 0123DE54 00000001
04000000 0123DE74 00000001
04000000 0123DE84 00000001
04000000 0123DE88 00000001
04000000 0123DE8C 00000001
04000000 0123DE90 00000001
04000000 0123DE94 00000001
04000000 0123DE98 00000001
04000000 0123DE9C 00000001
04000000 0123DEA0 00000001
04000000 0123DEA4 00000001
04000000 0123DEA8 00000001
04000000 0123DEAC 00000001
04000000 0123DEB0 00000001
04000000 0123DEB4 00000001
04000000 0123DEB8 00000001
04000000 0123DEBC 00000001
04000000 0123DEC0 00000001
04000000 0123DEC4 00000001
04000000 0123DEC8 00000001
04000000 0123DECC 00000001
04000000 0123DED0 00000001
04000000 0123DED8 00000001
04000000 0123DEDC 00000001
04000000 0123DEE0 00000001
04000000 0123DEE4 00000001
04000000 0123DEEC 00000001
04000000 0123DEF0 00000001
04000000 0123DEF4 00000001
04000000 0123DEF8 00000001
04000000 0123DF00 00000001
04000000 0123DF04 00000001
04000000 0123DF08 00000001
04000000 0123DF0C 00000001
04000000 0123DF10 00000001
04000000 0123DF14 00000001
04000000 0123DF18 00000001
04000000 0123DF1C 00000001
04000000 0123DF20 00000001
04000000 0123DF24 00000001
04000000 0123DF2C 00000001
04000000 0123DF30 00000001
04000000 0123DF34 00000001
04000000 0123DF38 00000001
04000000 0123DF3C 00000001
04000000 0123DF44 00000001
04000000 0123DF4C 00000001
04000000 0123DF50 00000001
04000000 0123DF54 00000001
04000000 0123E614 00000001
04000000 0123E618 00000001
04000000 0123E61C 00000001
04000000 0123E620 00000001
04000000 0123E624 00000001
04000000 0123E628 00000001
04000000 0123E62C 00000001
04000000 0123E630 00000001
04000000 0123E634 00000001
04000000 0123E638 00000001
04000000 0123E63C 00000001
04000000 0123E640 00000001
04000000 0123E644 00000001
04000000 0123E648 00000001
04000000 0123E64C 00000001
04000000 0123E650 00000001
04000000 0123E654 00000001
04000000 0123E658 00000001
04000000 0123E65C 00000001
04000000 0123E660 00000001
04000000 0123E664 00000001
04000000 0123E668 00000001
04000000 0123E66C 00000001
04000000 0123E670 00000001
04000000 0123E678 00000001
04000000 0123E67C 00000001
04000000 0123E680 00000001
04000000 0123E684 00000001
04000000 0123E688 00000001
04000000 0123E68C 00000001
04000000 0123E690 00000001
04000000 0123E694 00000001
04000000 0123E698 00000001
04000000 0123E69C 00000001
04000000 0123E6A0 00000001
04000000 0123E6A4 00000001
04000000 0123E6A8 00000001
04000000 0123E6AC 00000001
04000000 0123E6B0 00000001
04000000 0123E6B4 00000001
04000000 0123E6C0 00000001
04000000 0123E6C8 00000001
04000000 0123E7F4 00000001
04000000 0123E7F8 00000001
04000000 0123E7FC 00000001
04000000 0123E800 00000001
04000000 0123E804 00000001
04000000 0123E8E0 00000001
04000000 0123E8E4 00000001
04000000 0123E8E8 00000001
04000000 0123E930 00000001
04000000 0123E934 00000001
04000000 0123E9B8 00000001
04000000 0123E9BC 00000001
04000000 0123EAD8 00000001
04000000 0123EADC 00000001
04000000 0123EAE0 00000001
04000000 0123EAE4 00000001
04000000 0123EAE8 00000001
04000000 0123EAEC 00000001
04000000 0123EAF0 00000001
04000000 0123EAF4 00000001
04000000 0123EAF8 00000001
04000000 0123EAFC 00000001
04000000 0123EB00 00000001
04000000 0123EB04 00000001
04000000 0123EB08 00000001
04000000 0123EB0C 00000001
04000000 0123EB10 00000001
04000000 0123EB14 00000001
04000000 0123EB18 00000001
04000000 0123EB1C 00000001
04000000 0123EB20 00000001
04000000 0123EB24 00000001
04000000 0123EB28 00000001
04000000 0123EB2C 00000001
04000000 0123EB30 00000001
04000000 0123EB34 00000001
04000000 0123EB38 00000001
04000000 0123EB3C 00000001
04000000 0123EB40 00000001
04000000 0123EB44 00000001
04000000 0123EB48 00000001
04000000 0123EB4C 00000001
04000000 0123EB54 00000001
04000000 0123EB5C 00000001
04000000 0123EB60 00000001
04000000 0123EB68 00000001
04000000 0123EB6C 00000001
04000000 0123EB70 00000001
04000000 0123EB74 00000001
04000000 0123EB78 00000001
04000000 0123EB7C 00000001
04000000 0123EB80 00000001
04000000 0123EB84 00000001
04000000 0123EB88 00000001
04000000 0123EB8C 00000001
04000000 0123EB90 00000001
04000000 0123EB98 00000001
04000000 0123EB9C 00000001
04000000 0123EBA0 00000001
04000000 0123EBA4 00000001
04000000 0123EBAC 00000001
04000000 0123EBB4 00000001
04000000 0123EBB8 00000001
04000000 0123EBBC 00000001
04000000 0123EBC0 00000001
04000000 0123EBC4 00000001
04000000 0123EBC8 00000001
04000000 0123EBCC 00000001
04000000 0123EBD0 00000001
04000000 0123EBE0 00000001
04000000 0123EBE4 00000001
04000000 0123EC20 00000001
04000000 0123EC24 00000001
04000000 0123EC28 00000001
04000000 0123EC2C 00000001
04000000 0123EC30 00000001
04000000 0123EC34 00000001
04000000 0123EC38 00000001
04000000 0123EC4C 00000001
04000000 0123EC58 00000001
04000000 0123EC5C 00000001
04000000 0123EC64 00000001
04000000 0123EC68 00000001
