[全貴重品(慎用)]
04000000 012468C8 00000001
04000000 012468CC 00000001
04000000 012468D0 00000001
04000000 012468D4 00000001
04000000 012468D8 00000001
04000000 012468DC 00000001
04000000 012468E0 00000001
04000000 012468E4 00000001
04000000 012468EC 00000001
04000000 012468F4 00000001
04000000 012468F8 00000001
04000000 01246910 00000001
04000000 01246914 00000001
04000000 0124691C 00000001
04000000 01246920 00000001
04000000 01246924 00000001
04000000 0124694C 00000001
04000000 01246950 00000001
04000000 01246954 00000001
04000000 0124695C 00000001
04000000 01246964 00000001
04000000 01246968 00000001
04000000 01246988 00000001
04000000 0124698C 00000001
04000000 01246990 00000001
04000000 01246998 00000001
04000000 0124699C 00000001
04000000 012469A0 00000001
04000000 012469A4 00000001
04000000 012469A8 00000001
04000000 012469AC 00000001
04000000 012469B0 00000001
04000000 012469B4 00000001
04000000 012469B8 00000001
04000000 012469BC 00000001
04000000 012469C0 00000001
04000000 012469C8 00000001
04000000 012469FC 00000001
04000000 01246A00 00000001
04000000 01246A1C 00000001
04000000 01246E78 00000001
04000000 01246E7C 00000001
04000000 01246E84 00000001
04000000 01246E88 00000001
04000000 01246E8C 00000001
04000000 01246E90 00000001
04000000 01246E94 00000001
04000000 01246EB4 00000001
04000000 01246EC4 00000001
04000000 01246EC8 00000001
04000000 01246ECC 00000001
04000000 01246ED0 00000001
04000000 01246ED4 00000001
04000000 01246ED8 00000001
04000000 01246EDC 00000001
04000000 01246EE0 00000001
04000000 01246EE4 00000001
04000000 01246EE8 00000001
04000000 01246EEC 00000001
04000000 01246EF0 00000001
04000000 01246EF4 00000001
04000000 01246EF8 00000001
04000000 01246EFC 00000001
04000000 01246F00 00000001
04000000 01246F04 00000001
04000000 01246F08 00000001
04000000 01246F0C 00000001
04000000 01246F10 00000001
04000000 01246F18 00000001
04000000 01246F1C 00000001
04000000 01246F20 00000001
04000000 01246F24 00000001
04000000 01246F2C 00000001
04000000 01246F30 00000001
04000000 01246F34 00000001
04000000 01246F38 00000001
04000000 01246F40 00000001
04000000 01246F44 00000001
04000000 01246F48 00000001
04000000 01246F4C 00000001
04000000 01246F50 00000001
04000000 01246F54 00000001
04000000 01246F58 00000001
04000000 01246F5C 00000001
04000000 01246F60 00000001
04000000 01246F64 00000001
04000000 01246F6C 00000001
04000000 01246F70 00000001
04000000 01246F74 00000001
04000000 01246F78 00000001
04000000 01246F7C 00000001
04000000 01246F84 00000001
04000000 01246F8C 00000001
04000000 01246F90 00000001
04000000 01246F94 00000001
04000000 01247654 00000001
04000000 01247658 00000001
04000000 0124765C 00000001
04000000 01247660 00000001
04000000 01247664 00000001
04000000 01247668 00000001
04000000 0124766C 00000001
04000000 01247670 00000001
04000000 01247674 00000001
04000000 01247678 00000001
04000000 0124767C 00000001
04000000 01247680 00000001
04000000 01247684 00000001
04000000 01247688 00000001
04000000 0124768C 00000001
04000000 01247690 00000001
04000000 01247694 00000001
04000000 01247698 00000001
04000000 0124769C 00000001
04000000 012476A0 00000001
04000000 012476A4 00000001
04000000 012476A8 00000001
04000000 012476AC 00000001
04000000 012476B0 00000001
04000000 012476B8 00000001
04000000 012476BC 00000001
04000000 012476C0 00000001
04000000 012476C4 00000001
04000000 012476C8 00000001
04000000 012476CC 00000001
04000000 012476D0 00000001
04000000 012476D4 00000001
04000000 012476D8 00000001
04000000 012476DC 00000001
04000000 012476E0 00000001
04000000 012476E4 00000001
04000000 012476E8 00000001
04000000 012476EC 00000001
04000000 012476F0 00000001
04000000 012476F4 00000001
04000000 01247700 00000001
04000000 01247708 00000001
04000000 01247834 00000001
04000000 01247838 00000001
04000000 0124783C 00000001
04000000 01247840 00000001
04000000 01247844 00000001
04000000 01247920 00000001
04000000 01247924 00000001
04000000 01247928 00000001
04000000 01247970 00000001
04000000 01247974 00000001
04000000 012479F8 00000001
04000000 012479FC 00000001
04000000 01247B18 00000001
04000000 01247B1C 00000001
04000000 01247B20 00000001
04000000 01247B24 00000001
04000000 01247B28 00000001
04000000 01247B2C 00000001
04000000 01247B30 00000001
04000000 01247B34 00000001
04000000 01247B38 00000001
04000000 01247B3C 00000001
04000000 01247B40 00000001
04000000 01247B44 00000001
04000000 01247B48 00000001
04000000 01247B4C 00000001
04000000 01247B50 00000001
04000000 01247B54 00000001
04000000 01247B58 00000001
04000000 01247B5C 00000001
04000000 01247B60 00000001
04000000 01247B64 00000001
04000000 01247B68 00000001
04000000 01247B6C 00000001
04000000 01247B70 00000001
04000000 01247B74 00000001
04000000 01247B78 00000001
04000000 01247B7C 00000001
04000000 01247B80 00000001
04000000 01247B84 00000001
04000000 01247B88 00000001
04000000 01247B8C 00000001
04000000 01247B94 00000001
04000000 01247B9C 00000001
04000000 01247BA0 00000001
04000000 01247BA8 00000001
04000000 01247BAC 00000001
04000000 01247BB0 00000001
04000000 01247BB4 00000001
04000000 01247BB8 00000001
04000000 01247BBC 00000001
04000000 01247BC0 00000001
04000000 01247BC4 00000001
04000000 01247BC8 00000001
04000000 01247BCC 00000001
04000000 01247BD0 00000001
04000000 01247BD8 00000001
04000000 01247BDC 00000001
04000000 01247BE0 00000001
04000000 01247BE4 00000001
04000000 01247BEC 00000001
04000000 01247BF4 00000001
04000000 01247BF8 00000001
04000000 01247BFC 00000001
04000000 01247C00 00000001
04000000 01247C04 00000001
04000000 01247C08 00000001
04000000 01247C0C 00000001
04000000 01247C10 00000001
04000000 01247C20 00000001
04000000 01247C24 00000001
04000000 01247C60 00000001
04000000 01247C64 00000001
04000000 01247C68 00000001
04000000 01247C6C 00000001
04000000 01247C70 00000001
04000000 01247C74 00000001
04000000 01247C78 00000001
04000000 01247C8C 00000001
04000000 01247C98 00000001
04000000 01247C9C 00000001
04000000 01247CA4 00000001
04000000 01247CA8 00000001
