[AutumFieldStatMax]
40010000 00000000 2DD18120
300E0000 00000002
04110000 00000000 7FDFF7FF
04110000 00000004 FFFFFDFF
04110000 00000008 FFFFFFFF
04110000 0000000C FFFFFFFF
78010000 00000010
310E0000
78010000 00000010
300E0000 00000002
04110000 00000000 7FDFF7FF
04110000 00000004 FFFFFDFF
04110000 00000008 FFFFFFFF
04110000 0000000C FFFFFFFF
78010000 00000010
310E0000
78010000 00000010
300E0000 00000002
04110000 00000000 7FDFF7FF
04110000 00000004 FFFFFDFF
04110000 00000008 FFFFFFFF
04110000 0000000C FFFFFFFF
78010000 00000010
310E0000
